,k,inertia
0,2,107219.40131961106
1,3,107219.40131961106
2,4,107219.40131961106
3,5,107219.40131961106
4,6,107219.40131961106
5,7,107219.40131961106
6,8,107219.40131961106
7,9,107219.40131961106
8,10,107219.40131961106
9,11,107219.40131961106
10,12,107219.40131961106
11,13,107219.40131961106
12,14,107219.40131961106
13,15,107219.40131961106
14,16,107219.40131961106
15,17,107219.40131961106
16,18,107219.40131961106
17,19,107219.40131961106
18,20,107219.40131961106
19,21,107219.40131961106
20,22,107219.40131961106
21,23,107219.40131961106
22,24,107219.40131961106
23,25,107219.40131961106
24,26,107219.40131961106
25,27,107219.40131961106
26,28,107219.40131961106
27,29,107219.40131961106
28,30,107219.40131961106
29,31,107219.40131961106
30,32,107219.40131961106
31,33,107219.40131961106
32,34,107219.40131961106
33,35,107219.40131961106
34,36,107219.40131961106
35,37,107219.40131961106
36,38,107219.40131961106
37,39,107219.40131961106
38,40,107219.40131961106
39,41,107219.40131961106
40,42,107219.40131961106
41,43,107219.40131961106
42,44,107219.40131961106
43,45,107219.40131961106
44,46,107219.40131961106
45,47,107219.40131961106
46,48,107219.40131961106
47,49,107219.40131961106
48,50,107219.40131961106
49,51,107219.40131961106
50,52,107219.40131961106
51,53,107219.40131961106
52,54,107219.40131961106
53,55,107219.40131961106
54,56,107219.40131961106
55,57,107219.40131961106
56,58,107219.40131961106
57,59,107219.40131961106
58,60,107219.40131961106
59,61,107219.40131961106
60,62,107219.40131961106
61,63,107219.40131961106
62,64,107219.40131961106
63,65,107219.40131961106
64,66,107219.40131961106
65,67,107219.40131961106
66,68,107219.40131961106
67,69,107219.40131961106
68,70,107219.40131961106
69,71,107219.40131961106
70,72,107219.40131961106
71,73,107219.40131961106
72,74,107219.40131961106
73,75,107219.40131961106
74,76,107219.40131961106
75,77,107219.40131961106
76,78,107219.40131961106
77,79,107219.40131961106
78,80,107219.40131961106
79,81,107219.40131961106
80,82,107219.40131961106
81,83,107219.40131961106
82,84,107219.40131961106
83,85,107219.40131961106
84,86,107219.40131961106
85,87,107219.40131961106
86,88,107219.40131961106
87,89,107219.40131961106
88,90,107219.40131961106
89,91,107219.40131961106
90,92,107219.40131961106
91,93,107219.40131961106
92,94,107219.40131961106
93,95,107219.40131961106
94,96,107219.40131961106
95,97,107219.40131961106
96,98,107219.40131961106
97,99,107219.40131961106
98,100,107219.40131961106
